((("fits" .
   [1 0 0 0])
  ("SetTitle" .
   [0 0 0 0 1 0 0 0])
  ("Next" .
   [0 0 1 0])
  ("hdReader" .
   [0 0 1 0 0 0 0 0])
  ("r" .
   [1])
  ("cerr" .
   [1 0 0 0])
  ("rootfile" .
   [1 0 0 0 0 0 0 0])
  ("rootFile" .
   [1 0 0 0 0 0 0 0])
  ("vortex_ph" .
   [1 0 0 0 0 0 0 0 0])
  ("SubPixAna" .
   [1 0 0 0 0 0 0 0 0])
  ("ph_merge" .
   [0 0 0 0 0 0 1 0])
  ("type" .
   [1 0 0 0])
  ("spReader" .
   [0 0 0 2 0 0 0 0])
  ("TTreeReaderValue" .
   [0 0 0 0 0 0 0 0 0 0 0 0 0 0 0 1])
  ("symbol" .
   [0 0 0 0 1 0])
  ("aaaaaaa" .
   [0 0 0 0 1 0 0])
  ("arg2" .
   [1 0 0 0])
  ("arg1" .
   [1 0 0 0])
  ("count" .
   [3 0 0 0 0])
  ("profile" .
   [2 0 0 0 0 0 0])
  ("ifstream" .
   [1 0 0 0 0 0 0 0])
  ("ja_JP.UTF-8" .
   [0 0 1 0 0 0 0 0 0 0 0])
  ("/Users/kawabata/.bash_profile" .
   [0 0 0 0 0 0 0 0 0 0 0 0 0 0 0 0 0 2 0 0 0 0 0 0 0 0 0 0 0])
  ("g10" .
   [2 0 0])
  ("g11" .
   [2 0 1])
  ("g00" .
   [6 0 0])
  ("g02" .
   [4 0 0])
  ("g01" .
   [3 0 0])
  ("g2" .
   [1 0])
  ("g12" .
   [4 0 0])
  ("frame2" .
   [1 0 0 0 0 0])
  ("Draw" .
   [5 0 0 0])
  ("frame" .
   [1 0 0 0 0])
  ("TCanvas" .
   [0 0 2 0 2 0 0])
  ("TGraph" .
   [4 0 1 0 0 0])
  ("outbuf2" .
   [1 0 0 0 0 0 0])
  ("pdfのように23" .
   [3 0 0 0 0 0 0 0 0])
  ("draw32ch" .
   [0 0 0 0 0 0 1 0])
  ("seg" .
   [3 0 0])
  ("div" .
   [8 0 0])
  ("x" .
   [1])
  ("return" .
   [0 0 0 0 0 2])
  ("main" .
   [3 0 0 0])
  ("namespace" .
   [0 0 0 0 0 0 0 0 1])
  ("iostream" .
   [0 0 0 0 0 0 1 0])
  ("enum" .
   [0 0 0 1])
  ("std" .
   [23 0 2])
  ("cout" .
   [9 0 0 0])
  ("fout" .
   [5 0 0 1])
  ("vlt" .
   [3 0 0])
  ("mean" .
   [8 0 0 0])
  ("file" .
   [3 0 0 0])
  ("/Applications/ROOT/6.05.02/root/" .
   [0 0 0 0 0 0 1 0 0 0 0 0 0 0 0 0 0 0 0 0 0 0 0 0 0 0 0 0 0 0 0 0])
  ("PATH" .
   [0 0 0 1])
  ("export" .
   [0 0 0 0 0 2])
  ("######################################################" .
   [0 0 0 0 0 0 0 0 0 0 0 0 0 0 1 0 0 0 0 0 0 0 0 0 0 0 0 0 0 0 0 0 0 0 0 0 0 0 0 0 0 0 0 0 0 0 0 0 0 0 0 0 0 0])
  ("while" .
   [1 0 0 1 1])
  ("vector" .
   [3 0 0 0 0 0])
  ("alias" .
   [0 0 1 1 1])
  ("adc" .
   [1 0 0])
  ("Fill" .
   [1 0 0 0])
  ("include" .
   [0 0 1 2 1 1 9])
  ("TH1" .
   [0 0 1])
  ("hist" .
   [8 0 0 0])
  ("TH1D" .
   [2 0 0 1])
  ("TFile" .
   [1 0 1 0 0])
  ("TH1F" .
   [1 0 1 0])
  ("tree" .
   [1 0 0 0])
  ("Double_t" .
   [1 0 0 0 3 1 2 0])
  ("TF1" .
   [2 0 0])
  ("func" .
   [1 0 0 0])
  ("Int_t" .
   [0 0 1 0 1])
  ("n" .
   [1])
  ("string" .
   [1 0 1 0 2 0])
  ("s" .
   [1])
  ("char" .
   [0 0 0 1])
  ("chhist" .
   [2 0 0 2 0 0])
  ("Form" .
   [1 0 0 0])
  ("ch" .
   [1 0])
  ("printf" .
   [0 0 0 0 1 0])
  ("TString" .
   [0 0 1 0 0 0 1])
  ("h" .
   [2])
  ("num" .
   [1 0 0])
  ("const" .
   [0 0 0 0 1])
  ("double" .
   [0 0 0 0 0 1])
  ("geox1" .
   [3 0 0 0 0])
  ("divx1" .
   [6 0 0 0 1])
  ("geox2" .
   [3 0 0 0 0])
  ("divx2" .
   [5 0 0 0 0])
  ("geoy2" .
   [3 0 0 0 0])
  ("divy2" .
   [5 0 0 0 0])
  ("divy1" .
   [3 0 0 0 0])
  ("pitx2" .
   [2 0 1 0 2])
  ("pitx1" .
   [3 0 0 0 0])
  ("pity2" .
   [2 0 0 0 1])
  ("for" .
   [0 0 2])
  ("forn" .
   [0 0 1 0])
  ("buff" .
   [2 0 0 0])
  ("math.h" .
   [1 0 0 0 0 0])
  ("ds1" .
   [1 0 0])
  ("ds2" .
   [1 0 0])
  ("pow" .
   [4 0 0])
  ("endl" .
   [6 0 0 0])
  ("cin" .
   [3 0 0])
  ("flux" .
   [3 0 0 0])
  ("fluxe" .
   [2 0 0 0 0])
  ("rfile" .
   [1 0 1 0 0])
  ("sum_buff" .
   [0 0 0 0 0 0 1 0])
  ("f_buff" .
   [1 0 0 0 0 0])
  ("sum" .
   [3 0 1])
  ("sum_fr_buff" .
   [0 0 0 0 0 0 2 0 0 0 1])
  ("ft_buff" .
   [0 0 1 1 0 0 1])
  ("fr_buff" .
   [0 0 0 1 0 0 1])
  ("sum_ft_buff" .
   [0 0 0 0 0 0 2 0 0 0 0])
  ("input" .
   [0 0 0 1 0])
  ("write" .
   [2 0 0 0 0])
  ("H0_r" .
   [1 0 0 0])
  ("H0_t" .
   [1 0 0 0])
  ("print" .
   [0 0 0 0 2])
  ("TLegend" .
   [0 0 0 1 0 0 0])
  ("leg" .
   [2 0 0])
  ("leg0" .
   [6 0 0 0])
  ("leg1" .
   [2 0 0 0])
  ("require" .
   [0 0 0 0 0 0 1])
  ("Event" .
   [1 0 0 0 0])
  ("event_threshold_in" .
   [1 0 0 0 0 0 0 1 0 0 0 0 0 0 0 0 0 0])
  ("c" .
   [1])
  ("h12" .
   [2 0 0])
  ("ra" .
   [3 0])
  ("ca" .
   [1 0])
  ("ra_in" .
   [1 0 1 0 2])
  ("ADC" .
   [1 0 0])
  ("compinit" .
   [1 0 0 0 0 0 0 0])
  ("str" .
   [7 0 0])
  ("TGraphErrors" .
   [0 0 0 0 0 0 0 1 0 0 0 0])
  ("test" .
   [1 0 0 0])
  ("i" .
   [1])
  ("rot_angle" .
   [1 0 0 0 1 0 0 0 0])
  ("energy_m" .
   [0 0 0 0 1 0 0 1])
  ("rot_map" .
   [0 0 0 0 0 0 1])
  ("delete" .
   [0 0 0 1 1 0])
  ("h_projection" .
   [1 0 1 0 0 0 0 0 0 0 0 0])
  ("canvas" .
   [3 0 0 0 0 0])
  ("subpix" .
   [1 0 0 0 0 0])
  ("region" .
   [1 0 0 0 0 0])
  ("value" .
   [1 0 0 0 1])
  ("spTh" .
   [1 0 0 0])
  ("GetThreshold" .
   [0 0 0 0 0 0 0 0 0 0 0 1])
  ("sca" .
   [1 0 0])
  ("rS" .
   [4 0])
  ("rW" .
   [2 0])
  ("rSingleX" .
   [0 0 1 0 0 0 0 0])
  ("rSingleY" .
   [0 0 0 1 0 0 0 0])
  ("rDouble" .
   [0 0 0 0 1 0 0])
  ("dataFile1" .
   [0 0 0 0 1 0 0 0 0])
  ("dataFile2" .
   [1 0 0 0 0 0 0 0 0])
  ("dataFile" .
   [0 0 0 0 0 1 0 0])
  ("continue" .
   [0 0 0 0 0 0 0 1])
  ("ye1" .
   [2 0 0])
  ("SIZE" .
   [3 0 0 0])
  ("Gaussian" .
   [0 0 0 0 0 0 1 0])))
